1
422434.78535
4971611.49012
12.62969
2
835621.94317
4891920.71681
24.84103
3
1232606.83252
4761559.85461
36.25479
4
1605966.26071
4583988.3982
46.51762
5
1949044.41871
4363861.2495
55.32757
6
2256155.92087
4106853.02216
62.44669
7
2522747.52341
3819447.06713
67.71038
8
2745512.45871
3508699.16069
71.03276
9
2922453.75894
3181986.77052
72.40806
10
3052895.50553
2846755.18391
71.90794
11
3137443.47701
2510271.54178
69.67516
12
3177899.03313
2179397.00722
65.91394
13
2935377.68338
1868233.62945
61.1345
14
2537790.5505
1615305.22718
56.84631
15
2217210.31628
1411270.29123
53.13544
16
1955013.7892
1244297.50207
49.89367
17
1737416.33971
1105929.46166
47.03826
18
1555265.28736
989990.7136
44.50484
19
1401302.78832
891886.87397
42.2426
20
1269797.23207
808142.61177
40.2109
21
1156635.77728
736089.85874
38.37685
22
1058644.23944
673652.79435
36.71351
23
973068.28184
619196.85254
35.19867
24
897847.82934
571420.73826
33.81379
25
831499.29804
529278.08805
32.54331
26
773021.43476
491919.88928
31.37407
27
720607.87811
458651.32602
30.29486
28
673836.59592
428899.45728
29.29606
29
632034.09169
402188.40633
28.36939
30
594317.71414
378120.23805
27.50768
31
559895.5058
356360.22556
26.70468
32
529092.45373
336625.07258
25.95492
33
500674.58483
318673.79138
25.2536
34
475006.49942
302300.32119
24.59648
35
451451.14825
287327.60375
23.97982
36
429897.40064
273602.87483
23.40028
37
410240.98529
260993.7278
22.8549
38
391937.55888
249384.98045
22.34101
39
375143.78623
238676.01933
21.85624
40
359573.08396
228778.6935
21.39844
41
345170.45248
219615.47287
20.96569
42
331883.9457
211117.96273
20.55623
43
319462.95274
203225.67588
20.16849
44
307872.52231
195884.91136
19.80103
45
297079.42212
189047.88923
19.45254
46
287052.14935
182672.0042
19.12183
47
277760.91668
176719.15346
18.80781
48
268992.52626
171155.17447
18.50948
49
260911.28151
165949.37674
18.22594
50
253132.76427
161074.17094
17.95634
51
246002.63058
156504.6137
17.69992
52
239323.34604
152218.18769
17.45596
53
232908.15219
148194.53329
17.22381
54
226919.93519
144415.12979
17.00286
55
221345.34401
140863.20738
16.79256
56
216171.77337
137523.48312
16.59239
57
211223.32616
134382.0243
16.40188
58
206656.47549
131426.12589
16.22057
59
202139.50946
128644.21201
16.04806
60
198148.7208
126025.66152
15.88398
61
194197.6901
123560.76313
15.72795
62
190597.89913
121240.61054
15.57966
63
187186.12793
119057.04424
15.4388
64
183958.17924
117002.57845
15.30508
65
180910.04302
115070.33306
15.17824
66
178037.8992
113253.98489
15.05803
67
175338.11913
111547.72252
14.94423
68
172807.26609
109946.20462
14.83662
69
170442.09498
108444.52146
14.73501
70
168239.55142
107038.15932
14.6392
71
166196.77046
105722.96782
14.54903
72
164311.07482
104495.12981
14.46435
73
162436.1231
103351.16425
14.385
74
160858.04916
102287.84331
14.31085
75
159287.66717
101302.25904
14.24177
76
157866.7321
100391.70854
14.17766
77
156452.14681
99553.76107
14.1184
78
155325.0906
98786.1922
14.0639
79
154202.09071
98086.99283
14.01407
80
153222.81218
97454.34732
13.96882
81
152246.63133
96886.63142
13.9281
82
151551.30433
96382.42149
13.89183
83
150857.54798
95940.42858
13.85996
84
150165.36352
95559.54852
13.83244
85
149750.84792
95238.84718
13.80922
86
149336.88568
94977.51856
13.79027
87
148923.47401
94774.91495
13.77556
88
148785.82709
13.76507
89
148648.22155
94544.09165
13.75879
90
148648.22282
94515.27925